tcp1n
0 1 0 0 20 1000 5000 500 5 5 1 0 0 1
tcp2n
1 1 0 0 20 1000 5000 500 5 5 1 0 0 1
tcp3n
2 1 0 0 20 1000 5000 500 5 5 1 0 0 1
tcp4n
3 1 0 0 20 1000 5000 500 5 5 1 0 0 1
tcp5n
4 1 0 0 20 1000 5000 500 5 5 1 0 0 1
udp1n
5 1 0 0 20 1000 5000 500 5 5 1 0 0 1
udp2n
6 1 0 0 20 1000 5000 500 5 5 1 0 0 1
tcp1m
0 1 0 0 20 2000 2000 1 1 21 2 0 0 1
tcp2m
1 1 0 0 20 2000 2000 1 1 21 2 0 0 1
tcp3m
2 1 0 0 20 2000 2000 1 1 21 2 0 0 1
tcp4m
3 1 0 0 20 2000 2000 1 1 21 2 0 0 1
tcp5m
4 1 0 0 20 2000 2000 1 1 21 2 0 0 1
udp1m
5 1 0 0 20 2000 2000 1 1 21 2 0 0 1
udp2m
6 1 0 0 20 2000 2000 1 1 21 2 0 0 1
tcp1d
0 1 0 0 20 2000 2000 1 5 5 1 0 100 10
tcp2d
1 1 0 0 20 2000 2000 1 5 5 1 0 100 10
tcp3d
2 1 0 0 20 2000 2000 1 5 5 1 0 100 10
tcp4d
3 1 0 0 20 2000 2000 1 5 5 1 0 100 10
tcp5d
4 1 0 0 20 2000 2000 1 5 5 1 0 100 10
udp1d
5 1 0 0 20 2000 2000 1 5 5 1 0 100 10
udp2d
6 1 0 0 20 2000 2000 1 5 5 1 0 100 10
